91774736,676957,5266902,653220,10131085,263141,6066795,53592,2353390,16472,25501,558,1499642,31259,2615123,1467839,77,11,47919,25739,737,244,223,43,378,9,602,26,1768,54,4258,48,851466,3615,113868,258683,3718,1862,280081,1177,18567,191,2464,92,4651,489,10462,1136,8019,504,28073,1864,274822,5156,46482,202,78433,806,17329948,105275,730913,24058,2101398,13887,605863,16565,511031,12182,306277,62611,2435552,93911,825842,37378,3077758,64512,726850,11140,21956,816,254056,7440,57293,248,988375,11444,10710,138,520251,4802,10978,3129,5997,1637,74420,2117,8668,594,6183,1380,4504,510,7948,2769,12757,1822,3107,461,8054,2342,1178,241,851,1063,401,768,966,38,28226,520,47951,1891,548450,20973,558116,10596,180700,5206,2078,35,45321,2512,18199,528,2601,163,16574,195,8465,390,158422,6720,57588,1739,52463,1602,37,20,359,1290,15979,15754,420,37,1512,56,7289,331,13123,658,1044,41,139,23,564,1298
676957,79214012,303631,7597693,99388,10511882,28531,5546817,17203,1288026,536,28273,18348,2089392,1014077,2748965,24,65,21030,47668,172,937,37,256,26,260,19,1041,62,1990,92,2256,14836,207645,263838,209490,4325,2322,6613,36680,703,5071,83,3404,1641,3170,2964,12883,915,7290,2156,50713,7394,227037,611,9212,918,53433,251739,20076162,61897,710685,41373,1491984,28969,1110252,6508,960544,298518,197928,715997,1099140,28386,991454,56482,3268690,13427,653902,1670,26284,15445,188779,1245,8588,12335,696427,195,8387,4326,340165,3611,18717,1682,11273,6433,42824,2155,4091,1870,8651,1484,3316,2365,17218,2197,13423,1353,1919,26956,20357,3125,569,1561,1737,1261,1594,64,843,1316,11858,2140,31308,19838,454762,14921,785529,4928,180906,79,758,2304,42336,944,5086,154,5705,615,17207,535,16280,8270,152582,2339,61786,2790,47862,33,50,490,1339,8023,10836,37,1034,133,1206,227,13159,328,33280,41,1387,12,386,618,1557
5266902,303631,132330334,2072049,33076337,1611265,1871855,208571,3706270,357212,1128908,83896,499409,38527,6397682,1609651,30511,12825,12693769,1945166,1178667,378051,280825,74044,522335,17521,1522061,24857,461280,13970,541518,12910,1458311,19535,290801,532900,29177,3544,114918,1450,4311,382,1546,226,12218,639,11483,903,15480,1128,13953,1448,80003,4686,8835,175,13546,976,439272,38903,251231,13504,169305,15796,62081,16184,69405,14258,440924,44252,391171,14865,2780944,235807,4879788,213258,672003,25139,4709,546,71732,7906,61536,294,152884,18566,7089,194,68723,6895,4992,4213,2919,1902,35116,2272,3349,628,2801,1777,2172,657,3786,2944,7231,1773,1544,363,6180,1131,816,126,569,697,303,600,12384,529,45686,2127,321799,20290,584496,36307,120086,8461,124728,7993,9448,240,191727,11375,67147,3240,1596,164,2889,128,5063,371,227178,16731,43308,3440,30544,2195,24757,55703,139109,413883,329019,379038,60319,4807,1769,105,9754,652,15368,1212,1085,103,85,30,850,1304
653220,7597693,2072049,121764306,1432584,31205033,112709,2404565,388900,2765579,70335,976556,24870,777167,2230380,8293146,6374,18107,1800321,10934502,183259,1305326,54306,285846,20517,287695,15785,739555,13717,207855,24154,171391,56681,368266,387976,619915,6785,11278,6684,24471,688,3064,76,8400,2359,4318,2588,10912,1495,8639,1804,31035,8601,111208,812,4558,1200,19186,122941,773473,25859,248336,23882,222567,7579,200159,8380,246182,110643,264957,290468,145802,166269,3937632,188228,5814683,29982,722046,486,7652,6614,102371,2712,6860,15060,235199,250,5278,6260,101968,4553,9590,1886,6301,6955,19998,2335,1915,2400,4156,1588,1771,2504,9101,2420,7940,1191,1056,20279,8001,1730,305,996,1154,888,1209,730,7400,3410,28619,20548,271742,39971,658463,10645,210189,7890,162959,562,3493,12087,162896,4337,41432,106,2810,260,3314,473,6015,17042,235266,3169,52757,2511,36839,15321,52401,145410,495911,159546,441821,8296,57119,208,1786,497,17093,825,31768,76,1530,17,215,995,1697
10131085,99388,33076337,1432584,124977782,1393031,3505491,190418,15067372,325931,2502071,45900,205164,21975,1275648,884785,15671,3735,1677334,1305327,131125,131737,60105,25644,265867,6294,1268745,10037,571658,5841,1434678,6369,873162,15327,75749,320752,7988,2548,42186,1102,2896,283,1811,180,6872,557,12618,682,12366,774,32173,972,315923,2882,43493,128,68674,698,927723,21438,299385,9807,894712,10894,120767,12432,411279,9018,131525,33160,69052,6380,3006034,175219,2882906,166529,343749,19357,5784,439,118389,6426,43248,191,583868,12445,10433,129,315586,5178,2446,2190,1293,1001,16220,1326,1540,313,1388,927,916,347,1627,1588,3162,902,713,194,2994,534,370,64,276,278,138,277,9207,412,32881,1871,235712,18532,380266,31093,74358,6154,70636,6367,6226,179,144918,10380,50895,2994,1197,145,2035,81,3922,266,170819,15047,31763,3085,19894,1791,4841,15868,67242,208353,116747,226921,31648,1723,1012,75,4708,448,7347,847,537,42,43,14,400,689
263141,10511882,1611265,31205033,1393031,123887974,96753,5963257,414396,12702305,43816,2457301,12891,359830,1266264,1273434,2687,14516,1439529,1929314,75827,230366,23407,148018,8920,305203,6920,1772413,7025,350224,13112,420349,49182,279386,180106,192842,4660,4391,3494,22288,434,4658,66,10699,1715,4244,1865,12024,1084,7641,1101,47206,5391,246470,568,11282,825,67191,42077,1085405,14753,305720,14328,824397,5012,437459,5327,835178,59534,73835,63381,15767,124933,3805023,150451,3492816,23161,342101,366,7904,5034,203939,1885,14286,10052,919210,185,13394,4419,465581,2105,3483,823,2160,3272,7183,1082,694,1064,1598,747,661,1117,2997,1060,2770,469,354,6793,2309,639,117,379,356,288,414,675,5720,2967,21251,20258,217217,32507,383805,6842,89813,6094,81725,465,2420,11734,123133,4147,34562,94,2030,174,1461,294,3787,14961,175337,2713,36255,1890,20943,5610,14989,72562,126274,105258,215323,3761,44398,113,860,355,7239,560,12723,43,632,9,98,408,644
6066795,28531,1871855,112709,3505491,96753,17291778,21326,6526151,16382,80512,511,2564093,3969,1151698,165189,85,23,189607,46738,745,361,229,66,372,9,751,43,5884,28,10297,50,2240125,1396,29154,37260,3081,490,12997,206,1256,49,1176,24,2201,106,3140,173,3209,117,5480,208,42793,517,11312,22,20969,114,943687,10811,74048,3634,578097,2040,624661,2752,93968,1441,64115,10749,77190,5160,233075,9171,361730,13663,52965,1806,22910,162,410607,1462,231858,40,615364,1703,8021,32,280073,747,433,219,210,106,2361,131,334,41,256,101,152,41,281,168,416,95,102,23,320,108,51,11,31,41,15,30,249,11,2706,147,12230,1190,39496,3787,24419,1117,9026,785,273,18,7272,714,2845,225,464,26,1274,32,1209,77,17431,1642,4518,355,4512,262,34,47,441,1811,23610,17926,86,15,83,7,473,43,773,98,50,2,5,2,30,52
53592,5546817,208571,2404565,190418,5963257,21326,24197092,54412,8264413,1639,202542,2960,2535720,288414,1337332,61,125,131464,410519,763,3189,230,714,63,753,78,4888,120,11911,293,14846,8175,1653632,34215,109372,894,2483,769,5421,113,1283,16,1699,365,1348,457,2387,215,2321,274,8483,1205,43928,110,2459,182,16774,11775,746867,5320,103627,3872,635290,1767,931017,1124,329706,19463,41618,15830,14555,13537,251418,22252,1211638,3850,74275,110,11628,1440,247268,454,5692,2000,462051,27,5149,948,175348,326,601,163,389,567,1255,180,154,188,332,128,123,192,595,180,455,93,86,1069,439,116,27,67,69,44,65,72,312,469,2134,2828,21664,6079,59909,1676,20684,1167,13474,57,253,1573,11932,631,3318,22,562,53,488,91,917,2674,21497,470,5142,429,3478,83,152,2170,5703,17099,57366,68,210,16,117,79,1131,104,2111,5,90,2,14,52,114
2353390,17203,3706270,388900,15067372,414396,6526151,54412,75671392,116649,5114221,10050,320821,4434,987053,182735,1022,264,1099899,402721,13640,12176,3355,2164,5236,565,17468,1046,164565,600,429010,1095,4689359,4389,63084,94167,6939,799,15575,340,1565,71,1314,28,3961,148,4579,184,6120,222,7218,243,60556,647,14818,19,26721,121,374321,8216,58814,2786,336321,2573,287132,3823,102904,1961,69100,10014,47092,3777,1142357,54137,1376058,50200,152660,5848,15482,136,345953,1922,36392,45,607664,2816,8612,32,283295,1124,954,918,482,393,6256,481,664,123,577,389,370,121,634,594,1154,341,225,64,1055,179,130,31,97,106,47,107,4999,134,14359,601,123753,6317,145518,9292,32563,1967,28265,1928,3502,71,72384,3349,24464,994,640,34,1121,35,1900,112,75798,4969,13901,988,8053,531,623,1159,15898,53030,67146,78459,858,175,437,26,1703,149,2908,245,224,20,9,9,164,282
16472,1288026,357212,2765579,325931,12702305,16382,8264413,116649,43623110,9068,3395857,1310,395191,154327,642503,338,724,378439,977413,6991,18493,2048,4395,744,5014,583,51989,817,80080,2131,215375,11106,1917761,28335,113895,996,3099,635,6348,89,1292,19,2563,396,1410,364,1832,225,2783,161,5617,742,29608,79,1968,98,14164,5552,262719,2995,56386,2266,365886,1264,541716,686,225089,12957,32157,6354,9753,28552,1112712,35385,1817000,5062,132562,73,9402,1115,223807,246,5403,1452,408320,18,5219,645,154305,632,834,253,480,823,1768,314,165,343,395,194,139,294,746,246,670,148,77,1536,538,145,36,79,96,77,81,167,2447,719,6585,5496,87378,7145,85859,1485,18967,1329,20526,111,950,3000,46598,1115,12578,21,530,33,390,68,951,3545,53382,607,9940,401,4445,573,1215,14603,41137,27375,105454,418,938,29,277,91,1732,118,3501,12,202,2,20,101,181
25501,536,1128908,70335,2502071,43816,80512,1639,5114221,9068,17375656,8616,17791,182,27826,4699,16746,1546,229980,89889,75052,41979,38374,10111,199702,2362,652746,3179,3508320,2025,2528151,1571,2038678,702,5882,4516,1141,109,4710,49,1054,6,507,27,2123,37,858,34,5506,39,1087,35,4429,34,1793,5,2945,11,13195,327,2454,236,7192,106,10264,212,2677,95,5500,857,2880,151,631598,11346,1196727,8065,89384,736,1089,8,17892,129,68271,14,26796,120,5294,8,11740,48,390,296,165,144,2382,145,167,46,239,122,110,51,228,202,431,123,83,18,405,51,37,6,37,34,14,47,3644,19,4726,52,45563,513,39052,529,6308,129,9880,152,2121,11,37793,375,10638,81,181,6,151,5,500,8,24992,364,3925,60,1598,35,2641,5833,27095,23874,10613,7632,19269,615,255,4,676,16,1202,16,102,4,6,0,78,125
558,28273,83896,976556,45900,2457301,511,202542,10050,3395857,8616,13118650,58,59747,4948,25554,947,13055,88535,281242,27714,115760,9789,60891,3856,157685,2662,819317,2601,2582593,3666,1512119,1808,1230083,1601,9817,157,387,58,5309,18,870,5,6943,169,1507,78,669,59,3765,36,1026,44,2872,7,1036,7,2534,325,20618,218,3018,129,17159,92,51197,34,10574,1175,2898,324,1213,12841,974913,7458,1838048,757,85089,6,2743,78,37096,105,6160,88,34964,27,3623,55,11284,207,317,98,178,230,758,110,60,99,225,77,55,113,226,89,274,42,20,597,198,50,7,25,35,26,30,37,1881,71,2291,575,30762,645,19889,112,3935,135,6312,15,470,383,23633,130,5310,1,186,5,96,9,215,381,16441,64,2619,39,905,2453,10087,12996,41533,2776,16086,1322,22217,8,141,13,652,10,1282,2,112,2,10,31,70
1499642,18348,499409,24870,205164,12891,2564093,2960,320821,1310,17791,58,25654910,1870,366453,49570,27,1,15053,3194,188,52,82,9,143,3,209,4,2291,3,2233,4,6815672,355,8714,10026,2696,698,15174,244,2166,39,828,14,2157,150,3560,345,2237,98,6074,339,22533,451,3782,17,7134,64,5968423,19667,108307,6427,632356,1747,3117177,3894,42746,813,86078,18431,91661,9122,39315,1831,567145,4196,54637,571,875972,274,2696865,2372,285920,59,392920,1084,5939,24,127134,444,499,125,204,65,2309,66,466,30,305,51,168,21,322,107,315,46,127,20,149,109,39,8,18,22,6,9,109,5,1493,47,2344,116,18851,1024,33135,946,5094,237,82,2,2120,150,924,39,535,39,2692,55,1911,83,12647,875,4051,173,5174,176,10,9,104,205,3362,1946,49,4,29,1,185,16,399,28,33,1,2,0,15,23
31259,2089392,38527,777167,21975,359830,3969,2535720,4434,395191,182,59747,1870,36949204,82460,538312,15,54,10049,49845,146,895,43,233,14,321,10,1484,23,5867,53,4506,2162,4553067,12058,37633,638,1575,830,4180,103,742,28,1143,325,1214,545,2747,128,1822,356,5913,820,17285,67,1050,101,5183,24713,4709966,11021,113922,5467,563118,4303,5085206,581,133498,38034,61962,28131,60927,3099,56276,6095,2639160,1108,121653,303,367048,2542,1271227,189,11209,1527,239703,35,4192,622,65824,248,934,98,486,294,1542,133,224,133,446,76,171,155,815,111,462,84,112,801,611,158,27,63,48,57,33,18,65,223,806,402,3261,2081,35077,2200,39095,469,9823,11,56,307,3906,147,858,32,1008,134,1836,99,1973,1458,12643,389,4119,549,3053,20,35,328,1231,2818,8202,9,145,4,67,28,806,22,1648,1,52,1,6,26,65
2615123,1014077,6397682,2230380,1275648,1266264,1151698,288414,987053,154327,27826,4948,366453,82460,43638070,4937156,714,163,3844594,459040,9602,3524,2501,683,645,179,699,328,2992,310,3930,407,469343,18531,4946976,991639,73209,4974,91923,2058,8683,641,494,138,27050,1082,26280,1729,16608,1857,10568,3219,32016,10548,2627,412,4625,2077,397582,105607,269342,29647,74939,29417,37136,22859,23516,28815,1643292,91540,4316448,77810,811993,137173,1572122,216597,331106,32182,2668,708,37426,9950,33004,387,75785,31241,1044,311,30185,13793,3602,2821,2175,1424,23991,2128,2587,479,2081,1149,1538,476,2832,2161,4957,1398,1089,265,4877,1163,641,145,396,491,218,396,1756,189,24913,2207,107051,12892,407175,68472,113553,20836,86640,14724,2772,164,62626,10044,26832,2819,1026,247,2320,267,3523,722,124553,21621,28079,5320,25244,4397,1158,545,27730,18057,796172,382018,910,129,864,102,5617,1056,9293,1841,653,91,50,17,525,843
1467839,2748965,1609651,8293146,884785,1273434,165189,1337332,182735,642503,4699,25554,49570,538312,4937156,72591948,242,392,407259,3310958,2248,12639,648,1741,211,380,190,1027,462,1797,821,1946,56613,126202,781049,9970833,7952,31271,12240,12566,1077,4631,113,401,2955,6147,3735,9925,1803,12906,2880,13539,15133,29084,1452,1087,2064,3724,274269,761696,51327,249073,41791,70124,13419,95814,14877,61830,238513,988017,934864,3522052,90331,860719,188442,1584554,39284,280868,806,3534,9238,42419,4377,1229,23588,80126,255,996,10543,25377,2743,6208,1263,4082,6131,13071,1523,1269,1473,2727,1011,1168,1710,5932,1767,5217,758,660,13375,5738,1276,261,662,846,582,770,255,1105,3769,13950,13355,80515,59727,432247,21588,185627,12413,106345,336,1304,9091,55485,3980,14188,207,1914,546,2746,636,4724,19935,127996,4687,33124,4615,28419,383,1206,6098,77961,207197,600594,222,757,182,891,742,10269,1051,18470,80,847,19,180,629,1050
77,24,30511,6374,15671,2687,85,61,1022,338,16746,947,27,15,714,242,4858600,65488,94490,14305,427259,49791,1483822,37673,178451,4260,30264,1362,109523,1134,2550,158,54455,196,34324,526,7597,42,653,20,2974,22,1926,54,2234,16,1378,13,1864,12,203,12,718,12,322,0,669,0,112,50,308,67,171,5,108,13,176,5,17814,246,261,14,99815,6501,45728,1721,575,70,4,0,248,13,2613,54,1700,27,2289,25,1578,9,22,0,0,0,9,1,11,0,21,0,0,1,1,2,2,0,0,0,3,0,2,0,0,0,0,0,20,1,17,2,126,18,138,21,29,10,52,12,3,0,159,24,46,4,17,1,8,0,33,1,186,29,23,8,11,2,1033454,24090,226257,4610,189846,2560,1419811,11777,1,0,1,2,5,1,0,0,0,0,0,0
11,65,12825,18107,3735,14516,23,125,264,724,1546,13055,1,54,163,392,65488,6305790,27892,55440,75638,857914,108612,2268455,24951,285242,4142,29345,7297,94026,633,1185,1536,90336,1307,10850,303,982,24,944,68,5479,11,16508,108,353,51,119,89,892,12,167,27,327,11,197,13,709,14,85,21,88,10,56,5,110,9,180,781,3042,18,55,93128,64563,2332,61591,106,772,1,7,11,524,64,23391,39,2889,61,6284,42,1756,2,2,1,0,4,3,0,1,0,14,0,0,1,2,0,0,0,0,2,0,6,0,1,0,0,0,2,14,2,4,21,85,26,72,4,12,6,22,0,1,26,118,10,16,1,17,0,2,1,11,19,125,3,9,2,5,29767,1141787,19325,99833,5055,123368,76716,1130141,0,0,2,3,2,5,0,0,0,1,0,0
47919,21030,12693769,1800321,1677334,1439529,189607,131464,1099899,378439,229980,88535,15053,10049,3844594,407259,94490,27892,67681836,2560694,3089356,473543,505162,111756,60681,23759,30248,29428,84202,15936,73393,14219,370686,16738,1816944,388215,185547,2505,11059,973,14169,287,367,276,54616,494,37515,389,30250,836,2323,431,4860,1224,973,77,2964,351,19408,7113,14283,3022,9652,5359,8675,8068,3386,4271,585612,17902,28880,2225,1153376,283184,1301204,230549,148047,24999,817,279,13930,4268,5020,185,20183,6842,1629,118,8572,2549,1009,1203,644,571,6747,903,956,171,571,518,421,165,719,812,1478,507,271,76,1662,301,363,41,136,166,69,134,5400,688,15701,2187,136434,26140,138854,28743,22655,5043,28477,6307,3672,252,75949,13666,24968,4031,363,92,464,61,1348,221,74838,17260,12213,3306,6461,1576,158832,93642,3071778,518141,2295198,534407,59367,7785,499,84,2065,499,3378,884,252,42,10,11,273,325
25739,47668,1945166,10934502,1305327,1929314,46738,410519,402721,977413,89889,281242,3194,49845,459040,3310958,14305,55440,2560694,67121470,301773,4349446,95203,335085,34542,31872,24551,36117,20812,48130,33871,41009,47301,105677,140282,4087340,4981,45121,1763,5246,333,4857,37,2114,1493,6249,1291,2202,1038,14790,370,1410,1738,3461,213,393,368,1446,4922,26804,2838,9074,3795,16935,1672,40845,1614,12659,26739,219048,4535,11718,191307,1626887,168934,1733530,21128,173557,127,1959,2276,28295,1104,1292,4063,29400,218,987,1721,9023,1103,1415,412,893,1933,2949,594,299,631,602,357,231,559,1250,614,1163,196,146,3337,944,394,57,156,188,109,225,951,4092,2841,10756,21642,134962,25242,120513,4082,21252,4684,30083,592,1585,12721,69291,4305,18760,55,488,63,333,221,983,13288,78490,2180,14156,1165,6291,37750,316734,220063,4433250,193777,1790796,14758,37443,100,520,302,3120,462,6205,25,363,5,34,257,369
737,172,1178667,183259,131125,75827,745,763,13640,6991,75052,27714,188,146,9602,2248,427259,75638,3089356,301773,11714458,534140,2663637,184891,161691,31698,63700,25657,129150,15333,31751,5321,53721,2450,43749,5729,10112,192,802,83,989,47,215,154,3130,45,1955,21,2584,77,303,15,990,17,437,5,732,17,345,104,511,88,359,49,255,130,308,50,24330,812,522,39,422059,39393,319680,20444,16493,1100,16,7,455,96,2712,141,2350,144,1476,67,1335,59,43,21,17,20,212,20,35,3,31,8,16,7,20,20,49,18,6,0,51,3,14,2,3,7,3,6,488,34,457,63,3842,601,3680,476,670,79,1083,118,242,5,4711,464,1168,104,29,5,20,3,55,1,2764,348,398,66,146,26,410696,122362,883450,68403,116530,19251,198374,16426,26,2,42,7,82,13,12,1,0,0,11,25
244,937,378051,1305326,131737,230366,361,3189,12176,18493,41979,115760,52,895,3524,12639,49791,857914,473543,4349446,534140,22195212,295936,3385552,89702,220743,42206,129243,33543,131282,21089,18760,8489,33677,6857,49792,1563,2389,111,1320,144,791,23,3704,429,626,260,191,302,1534,39,229,102,476,30,239,76,606,82,506,93,221,60,372,41,811,32,467,3699,7885,104,182,184258,632898,30351,415037,2025,15780,2,42,62,887,606,2964,257,2679,182,1399,141,1289,24,43,17,20,69,110,21,11,20,35,6,9,10,32,23,34,6,3,77,28,18,0,5,8,6,6,91,293,101,323,1034,3754,952,2639,167,536,210,927,58,67,902,3883,250,786,5,33,6,10,8,31,634,2419,106,390,45,117,78060,979538,146652,625563,19141,139820,53165,294700,6,23,10,69,23,131,2,17,0,0,9,10
223,37,280825,54306,60105,23407,229,230,3355,2048,38374,9789,82,43,2501,648,1483822,108612,505162,95203,2663637,295936,10656848,200666,1092831,24796,108533,11965,365720,7953,10146,1617,87615,1244,23766,2214,5592,135,1059,31,2687,30,382,121,1886,29,1123,14,2464,48,396,16,1250,19,529,7,1098,10,182,54,393,85,340,27,218,37,357,22,12843,538,219,14,564790,29906,190275,8108,7877,324,17,4,531,38,3526,132,3324,90,3560,58,2377,38,21,10,4,3,58,8,12,0,32,3,2,1,6,1,13,2,5,2,14,2,7,1,2,0,1,2,158,4,117,15,933,125,887,102,186,20,253,29,67,1,1378,103,280,22,16,1,12,1,43,5,695,93,93,10,50,5,324767,64341,261636,24978,84558,10148,737143,30566,6,1,19,1,21,3,2,1,0,0,1,2
43,256,74044,285846,25644,148018,66,714,2164,4395,10111,60891,9,233,683,1741,37673,2268455,111756,335085,184891,3385552,200666,13558140,47043,1402424,12542,211741,14748,207376,4151,7725,3032,51891,2447,9755,611,589,42,2005,81,2410,8,9595,178,605,104,233,119,1610,15,318,47,783,18,394,28,1077,24,200,50,168,20,175,16,389,11,448,1448,2137,29,55,129556,445739,6385,329307,336,5045,1,17,35,982,185,14185,112,4873,97,5517,79,2593,8,20,4,7,14,21,3,6,6,33,4,2,0,5,4,12,2,0,20,8,6,1,2,2,0,2,18,86,27,84,162,843,171,574,25,131,32,207,8,12,137,1023,43,177,1,44,0,1,1,40,120,638,13,79,10,32,26054,247896,47107,89238,8049,56239,64349,732738,1,3,1,15,5,28,1,6,0,0,3,1
378,26,522335,20517,265867,8920,372,63,5236,744,199702,3856,143,14,645,211,178451,24951,60681,34542,161691,89702,1092831,47043,6468954,7078,1162624,4120,1127811,2805,39103,626,167722,472,3930,648,991,59,1511,26,2934,12,460,44,1225,24,507,18,3094,14,500,18,2056,8,864,3,1594,9,188,34,419,93,531,28,338,23,563,22,2603,390,72,7,336758,8179,321341,2442,12227,125,25,3,830,24,5433,51,5221,24,4911,17,3580,11,48,5,7,6,78,6,8,2,43,2,6,0,4,3,13,7,1,1,11,2,4,0,0,1,2,1,243,2,164,3,1123,63,1166,29,212,7,373,8,98,0,2019,51,426,7,43,0,19,0,68,0,1079,36,135,4,56,0,21181,18755,25357,8561,12491,3141,266541,7554,10,0,17,3,41,1,6,0,0,0,2,5
9,260,17521,287695,6294,305203,9,753,565,5014,2362,157685,3,321,179,380,4260,285242,23759,31872,31698,220743,24796,1402424,7078,5834212,2415,974070,2600,670184,1008,17422,578,100729,391,1134,103,76,15,2729,13,2967,6,8329,86,805,33,333,23,2250,12,472,21,1137,10,591,4,1442,14,187,44,241,10,225,4,487,6,606,360,477,2,9,18341,214813,1391,276135,94,4356,1,24,8,1434,40,14090,30,6644,15,6001,11,3382,5,5,3,5,19,17,1,8,2,64,2,1,2,6,2,9,0,1,13,3,2,0,0,2,0,0,4,74,8,58,45,570,44,408,11,122,15,142,1,9,33,797,6,117,0,53,1,9,2,53,21,585,3,60,2,26,3924,17282,8639,7823,1280,4976,8370,156778,0,7,0,8,1,24,0,2,0,0,1,3
602,19,1522061,15785,1268745,6920,751,78,17468,583,652746,2662,209,10,699,190,30264,4142,30248,24551,63700,42206,108533,12542,1162624,2415,2185358,2309,664559,1533,157848,497,118982,221,685,455,232,44,1205,13,617,5,328,15,836,13,301,12,2384,13,411,19,1597,8,646,1,1210,2,288,36,350,59,474,28,339,11,449,15,772,274,58,3,156021,2611,406127,1521,15698,87,30,2,827,12,5759,8,4212,15,2997,7,2518,7,35,9,6,4,160,7,9,1,67,5,7,1,13,12,23,9,3,0,42,7,4,0,4,3,1,1,386,1,291,2,2105,44,1958,25,373,16,683,7,159,0,3537,49,705,7,40,0,15,0,62,0,1600,27,254,5,78,1,2689,7571,4331,5476,1630,1421,55825,1078,17,0,40,0,60,3,12,0,0,0,4,11
26,1041,24857,739555,10037,1772413,43,4888,1046,51989,3179,819317,4,1484,328,1027,1362,29345,29428,36117,25657,129243,11965,211741,4120,974070,2309,3039992,2029,495079,1565,139472,494,82775,369,827,75,57,8,2050,8,616,5,4853,70,607,28,235,19,1644,7,358,18,849,2,442,3,993,14,644,26,257,20,680,7,1540,6,740,287,370,13,35,9090,348020,1803,453143,131,13466,2,87,14,1659,48,4407,21,4744,13,2376,11,2208,13,26,8,12,20,85,13,8,20,50,6,6,8,19,4,16,6,3,61,23,4,1,3,3,2,3,8,230,3,198,74,2231,75,1494,16,347,18,571,3,35,73,2633,19,465,1,40,0,16,0,41,44,1468,7,239,5,68,2380,6928,7789,5868,918,2028,2259,75943,2,15,1,53,3,90,0,7,0,2,3,6
1768,62,461280,13717,571658,7025,5884,120,164565,817,3508320,2601,2291,23,2992,462,109523,7297,84202,20812,129150,33543,365720,14748,1127811,2600,664559,2029,9693276,1670,383943,511,1801160,277,4385,597,1105,59,2095,22,7431,7,395,11,1856,26,769,32,4922,15,868,19,3326,21,1414,5,2523,5,1386,72,803,150,1160,40,1168,40,1005,31,3275,488,283,15,122928,3704,290170,1857,12618,91,155,5,2757,41,130574,20,9768,28,6683,10,5050,14,90,33,27,9,231,14,20,2,108,13,10,4,26,19,43,10,6,4,39,6,6,0,5,3,1,6,373,3,400,10,3189,55,2784,48,506,18,808,13,198,0,3316,35,884,8,61,1,36,0,98,1,2147,42,303,7,112,1,13814,6570,32664,4963,12640,1619,113066,2675,31,2,64,1,109,0,10,0,0,0,5,9
54,1990,13970,207855,5841,350224,28,11911,600,80080,2025,2582593,3,5867,310,1797,1134,94026,15936,48130,15333,131282,7953,207376,2805,670184,1533,495079,1670,6249676,1056,160630,437,1292011,275,1274,69,87,16,4083,13,2743,4,6679,110,1362,43,586,22,3715,36,853,34,2050,3,1075,5,2066,25,1816,76,523,39,1111,15,4176,10,1524,360,765,30,94,5856,125048,1253,445525,87,9056,1,339,19,5634,55,26191,31,11662,6,5714,21,4429,18,38,6,18,14,55,7,9,11,95,3,3,4,20,7,17,3,5,48,18,3,0,5,2,0,3,2,129,5,114,41,1587,47,962,11,234,9,397,1,35,28,1442,14,296,0,90,0,20,0,62,27,987,6,154,1,50,1698,10868,4272,11827,621,3913,1638,37982,0,11,1,38,3,109,1,9,0,0,7,8
4258,92,541518,24154,1434678,13112,10297,293,429010,2131,2528151,3666,2233,53,3930,821,2550,633,73393,33871,31751,21089,10146,4151,39103,1008,157848,1565,383943,1056,1567678,669,164244,249,1277,1025,289,24,1245,11,219,5,139,7,640,5,231,9,1733,5,355,9,1325,12,543,1,789,3,1816,62,479,48,1259,27,1473,41,625,22,1187,244,399,25,215145,3149,367909,2237,25179,191,137,1,2880,24,9385,8,5548,28,1451,0,2350,8,113,71,33,42,621,39,42,8,63,28,29,5,61,53,113,37,20,6,127,11,14,5,17,9,6,10,1187,5,1225,9,10433,134,9170,92,1549,30,2515,31,547,3,10598,103,2653,21,28,1,41,2,97,1,6169,64,908,17,371,5,936,2976,8434,8580,2329,1977,4858,234,82,1,175,2,306,0,37,0,4,0,27,37
48,2256,12910,171391,6369,420349,50,14846,1095,215375,1571,1512119,4,4506,407,1946,158,1185,14219,41009,5321,18760,1617,7725,626,17422,497,139472,511,160630,669,609598,276,51527,212,992,21,49,7,563,5,91,1,831,15,183,7,75,3,419,5,109,4,263,3,106,3,275,24,1567,11,267,12,1435,6,4437,4,918,114,272,23,97,1805,160917,969,228263,86,12607,0,241,10,3201,19,617,8,3244,5,350,1,1022,41,36,11,33,25,95,11,7,17,23,6,7,19,38,8,35,8,4,84,22,13,0,2,2,4,6,1,304,4,298,62,3809,63,2331,11,497,21,877,1,55,55,3335,18,749,1,16,1,9,2,31,36,2055,9,385,5,101,460,1191,2528,5738,354,1837,209,2577,0,27,1,97,4,153,0,11,0,0,3,6
851466,14836,1458311,56681,873162,49182,2240125,8175,4689359,11106,2038678,1808,6815672,2162,469343,56613,54455,1536,370686,47301,53721,8489,87615,3032,167722,578,118982,494,1801160,437,164244,276,39112826,907,26385,22503,8903,2140,28671,610,8339,84,2145,36,27209,744,16906,1326,64534,271,29128,1208,101595,1168,24992,87,36057,140,2057267,16903,314925,10396,284528,3067,813578,5480,57910,1929,206349,31843,180199,6360,141424,6940,1066359,7780,51368,970,397901,487,905533,4157,291618,150,383630,2280,120929,72,138684,833,1152,219,234,97,2788,113,522,34,1257,97,192,37,315,141,473,81,123,29,302,157,42,14,31,39,11,25,697,16,2513,91,16019,645,24916,1399,19590,774,5760,322,510,5,9465,376,3282,103,1082,66,2285,48,1930,95,17484,1092,3308,207,3186,164,3517,1756,11038,9816,21151,13374,30638,564,100,3,392,28,653,48,35,2,10,2,28,55
3615,207645,19535,368266,15327,279386,1396,1653632,4389,1917761,702,1230083,355,4553067,18531,126202,196,90336,16738,105677,2450,33677,1244,51891,472,100729,221,82775,277,1292011,249,51527,907,13488074,3794,15769,658,2573,410,6871,52,2169,11,8510,618,7408,766,7575,112,11865,491,13034,635,25535,74,4677,76,6474,4467,566626,4309,103183,2105,87041,1312,483043,335,42381,14896,54124,3503,20083,2326,81150,2419,2698737,373,29949,123,360792,1229,631088,92,74165,943,113081,28,12976,425,30078,83,251,32,101,97,446,52,59,48,371,31,22,51,197,31,110,24,23,209,157,31,5,15,23,15,17,10,259,76,501,260,6569,576,7375,415,6196,117,2074,6,88,172,4164,62,1006,16,578,33,451,38,599,531,5357,100,1055,116,578,308,1961,1360,5423,1934,9443,271,6273,5,36,5,197,6,399,0,28,0,2,18,26
113868,263838,290801,387976,75749,180106,29154,34215,63084,28335,5882,1601,8714,12058,4946976,781049,34324,1307,1816944,140282,43749,6857,23766,2447,3930,391,685,369,4385,275,1277,212,26385,3794,32406826,213452,1548302,6002,10095,2722,30095,492,245,189,150687,1371,252304,2763,56748,1310,11852,2440,8729,3371,586,161,4200,617,132049,176815,146158,65609,19899,14050,15088,25231,3621,6968,8025823,218476,2151625,151938,92732,31564,82013,53322,13329,7358,2048,2487,18916,18292,1702,621,13430,8656,618,304,5598,3560,280,233,128,123,1700,312,838,56,186,127,102,34,221,190,260,144,78,26,313,149,285,4,28,31,18,21,305,68,2341,594,8388,3226,20810,13047,25259,10702,5441,3170,208,30,5054,2285,1715,673,310,437,1067,405,1021,1062,14808,10289,3869,2027,4527,1792,53705,1658,261211,7500,2660355,83621,35657,325,43,14,194,160,336,354,24,12,4,3,29,50
258683,209490,532900,619915,320752,192842,37260,109372,94167,113895,4516,9817,10026,37633,991639,9970833,526,10850,388215,4087340,5729,49792,2214,9755,648,1134,455,827,597,1274,1025,992,22503,15769,213452,59894930,9128,1839679,7679,7243,1101,53198,220,310,3275,104807,6526,45233,1734,167341,3245,8342,6759,6877,640,408,1058,3655,133159,444405,83323,177141,30035,16303,18521,45546,4863,9335,339490,8806347,343724,2248673,40834,159471,68676,184951,12272,24463,1711,5386,16933,40379,1673,1081,13085,18820,469,593,5783,5598,352,555,150,362,1321,1237,279,282,182,313,136,104,229,558,266,449,90,54,1014,620,2108,35,61,63,39,67,235,424,2070,2103,7321,16056,19658,34080,14760,26694,3944,8597,173,208,4470,8612,1696,2431,250,708,696,945,880,1567,13633,21515,2954,4893,3632,3803,884,30039,9644,1197941,90626,4773527,534,4557,36,86,157,708,284,1420,22,59,3,17,63,92
3718,4325,29177,6785,7988,4660,3081,894,6939,996,1141,157,2696,638,73209,7952,7597,303,185547,4981,10112,1563,5592,611,991,103,232,75,1105,69,289,21,8903,658,1548302,9128,4835108,218340,34174,7932,50272,4676,937,418,394331,60297,484315,53091,114899,10406,142756,35415,89354,18988,12281,3301,15937,3945,6453,19137,144737,57997,38590,7430,21605,6053,12565,9193,4735062,277744,3552,5238,8396,1018,23155,11631,2622,1354,5298,2026,66132,17548,5123,1153,56792,9549,2815,602,31880,5297,383,105,68,35,1001,104,1569,61,300,131,63,8,100,67,85,28,37,12,62,111,498,4,12,4,2,6,194,32,1771,152,1615,180,5252,663,9549,2107,680,109,27,1,1186,122,538,35,1079,696,1875,338,2946,1154,23512,6353,2430,538,3559,583,11344,348,54592,745,241140,1961,8298,79,9,0,45,10,70,19,5,1,0,0,3,5
1862,2322,3544,11278,2548,4391,490,2483,799,3099,109,387,698,1575,4974,31271,42,982,2505,45121,192,2389,135,589,59,76,44,57,59,87,24,49,2140,2573,6002,1839679,218340,3852168,15587,33249,5586,46369,532,967,73814,314409,131932,213838,18621,164679,105754,126000,74012,63619,10585,11741,8820,14540,5522,12157,79101,133269,16190,18292,4879,25413,5710,28167,336685,4334543,2932,2099,1062,4737,6081,36258,625,4816,1261,9397,20679,80665,2183,4311,22321,38365,1329,2068,15418,18312,230,315,39,89,290,374,101,260,180,376,31,39,37,151,42,85,25,18,108,236,1537,6,7,13,10,6,61,108,523,503,262,813,1339,2021,2820,5016,153,273,7,9,264,484,124,142,491,1812,577,1086,1206,2558,8559,15028,757,1335,1126,1342,48,2398,198,35411,788,140849,50,439,1,4,6,42,7,104,1,2,0,0,6,4
280081,6613,114918,6684,42186,3494,12997,769,15575,635,4710,58,15174,830,91923,12240,653,24,11059,1763,802,111,1059,42,1511,15,1205,8,2095,16,1245,7,28671,410,10095,7679,34174,15587,20431858,20278,1623600,14090,250426,1731,174288,57988,96705,41385,622178,17506,148400,28922,346986,16117,92203,4036,1447594,7137,194477,23514,204737,50399,164597,11607,56566,9524,92411,9788,346512,168310,108832,3997,206730,995,266161,6121,103258,4967,1905,1195,73913,12893,290448,884,311885,8042,994978,688,1365164,4466,5739,680,1040,245,10456,267,3733,170,5742,340,763,82,1352,423,1192,177,444,50,559,1408,196,34,101,96,45,51,7812,18,39164,89,22055,121,121262,657,126773,1304,8777,126,368,1,27049,170,9613,38,147909,471,43352,256,88478,609,867780,2970,21575,357,40209,323,76,18,381,245,1589,698,2159,522,109,5,379,9,988,22,58,0,6,1,37,66
1177,36680,1450,24471,1102,22288,206,5421,340,6348,49,5309,244,4180,2058,12566,20,944,973,5246,83,1320,31,2005,26,2729,13,2050,22,4083,11,563,610,6871,2722,7243,7932,33249,20278,21979720,5031,3513518,1842,590897,24032,250955,21295,118613,9888,620348,17203,151667,15063,256159,2570,124717,3598,2212991,3244,49164,30544,115613,10184,60290,2693,35615,2984,142764,92771,296615,1295,5966,409,90593,4717,144827,2538,22814,303,1275,6099,67900,812,388076,7662,617380,860,1136436,5767,1749894,292,3921,114,1168,248,4290,191,3712,180,9528,102,425,184,1885,104,805,93,171,751,1960,397,52,130,63,71,39,13,8083,140,28882,77,15064,439,45808,760,45474,69,4034,1,58,78,10843,38,3552,169,178277,164,15228,301,117325,2048,809942,157,15297,288,23103,10,61,50,414,196,1288,217,8155,1,31,3,250,2,2125,0,32,0,15,11,23
18567,703,4311,688,2896,434,1256,113,1565,89,1054,18,2166,103,8683,1077,2974,68,14169,333,989,144,2687,81,2934,13,617,8,7431,13,219,5,8339,52,30095,1101,50272,5586,1623600,5031,30668510,4725,419167,187,664091,16137,230244,8951,3491184,5100,127723,5579,99772,2755,43860,825,4381704,2051,33311,2474,59007,4672,16949,830,8221,963,8862,917,889219,27554,13623,934,5854,137,12962,743,1926,410,1014,139,23141,1307,148227,108,52891,1030,328732,119,435820,731,2944,234,691,82,862,58,23832,77,3807,142,602,38,914,151,250,36,270,23,24,45,131,7,26,9,5,2,77,3,473,10,348,13,2072,51,6546,136,193,6,10,0,269,10,120,6,1401,52,910,25,1339,64,7208,345,456,27,1130,31,752,26,3731,68,12753,177,1455,55,3,0,16,6,49,1,2,0,0,0,3,1
191,5071,382,3064,283,4658,49,1283,71,1292,6,870,39,742,641,4631,22,5479,287,4857,47,791,30,2410,12,2967,5,616,7,2743,5,91,84,2169,492,53198,4676,46369,14090,3513518,4725,40761392,185,1792649,17301,980544,11835,193516,7671,3451148,8284,99937,5196,121802,1017,92419,2225,4641986,622,6781,3730,33563,921,4724,252,5215,229,24137,21385,1390200,445,721,88,1713,527,23174,273,2854,34,2056,624,26841,88,325692,833,124844,108,643863,833,406860,52,1004,19,202,18,9612,39,63883,70,3544,9,76,21,345,13,107,7,24,32,89,562,12,36,12,9,1,3,41,22,181,11,182,52,622,112,1828,9,97,0,1,6,121,6,41,14,1978,18,486,34,1441,336,6519,23,289,48,365,8,309,22,3523,62,11994,42,1126,0,1,0,10,2,46,0,0,0,1,2,0
2464,83,1546,76,1811,66,1176,16,1314,19,507,5,828,28,494,113,1926,11,367,37,215,23,382,8,460,6,328,5,395,4,139,1,2145,11,245,220,937,532,250426,1842,419167,185,1368880,4824,15697,361,5239,507,55806,298,7841,456,30210,415,14238,92,94521,481,2516,594,7464,2116,8647,482,3963,333,8668,499,9647,5707,321,44,3060,175,62045,1145,22983,11039,147,46,6749,525,145344,361,56919,665,335790,764,159793,1130,468,9,28,11,329,11,90,5,628,7,18,1,32,16,100,9,8,1,54,13,11,2,2,7,3,6,452,1,319,4,1673,2,2386,16,1013,32,623,2,102,0,1696,26,295,1,809,14,335,6,825,19,5222,113,235,8,219,6,21,2,25,8,46,18,6209,1491,28,0,38,0,54,1,11,0,0,0,12,2
92,3404,226,8400,180,10699,24,1699,28,2563,27,6943,14,1143,138,401,54,16508,276,2114,154,3704,121,9595,44,8329,15,4853,11,6679,7,831,36,8510,189,310,418,967,1731,590897,187,1792649,4824,2594076,2452,34778,1317,13624,743,109656,1074,19934,1263,48470,297,28892,610,593788,180,3903,1977,9262,712,6691,190,9094,292,26878,5810,14447,72,159,167,5972,7846,279942,5996,42681,8,331,418,24249,350,1165251,1013,187334,970,1550575,1818,391589,16,332,6,56,9,200,2,311,14,1787,0,17,4,76,6,35,5,4,46,84,24,0,7,3,4,3,0,193,5,359,5,432,16,848,34,1421,3,149,0,4,7,509,2,87,9,3785,12,606,20,2253,134,10862,6,286,10,376,20,302,61,205,16,165,577,23251,2,0,0,11,0,28,0,2,0,2,2,3
4651,1641,12218,2359,6872,1715,2201,365,3961,396,2123,169,2157,325,27050,2955,2234,108,54616,1493,3130,429,1886,178,1225,86,836,70,1856,110,640,15,27209,618,150687,3275,394331,73814,174288,24032,664091,17301,15697,2452,49691228,2633486,17755497,1413461,13329540,1292942,5589158,221391,2921686,61211,931179,24377,567681,56094,5180,6396,236655,34243,25485,3373,10572,2639,14574,8709,4140203,214481,1856,1992,7041,641,79741,12675,3962,1199,3692,816,174831,17507,65917,4915,358861,26916,44785,3932,337540,21813,166518,1665,158,37,1890,84,18366,671,185252,26996,119,15,218,57,158,28,87,8,75,229,1884,159,14,11,9,4,410,21,2618,104,1726,103,7586,389,10758,829,711,43,41,0,1968,84,889,20,11916,1204,6011,242,14798,932,62628,3968,2991,243,3868,246,2571,88,14915,261,51504,635,2477,91,10,1,35,9,71,16,7,0,0,0,4,8
489,3170,639,4318,557,4244,106,1348,148,1410,37,1507,150,1214,1082,6147,16,353,494,6249,45,626,29,605,24,805,13,607,26,1362,5,183,744,7408,1371,104807,60297,314409,57988,250955,16137,980544,361,34778,2633486,55036226,1149756,19373178,115969,15739227,197381,4524337,135480,2206186,22325,1387694,18745,747223,1404,5954,52011,98628,7379,6047,1049,9700,2756,22508,202893,5190830,817,666,309,4948,2310,181288,275,10184,323,4914,7399,232805,1172,67645,12223,329968,771,52982,10078,258518,462,17799,32,315,87,1572,147,40867,417,147319,36,93,38,416,21,173,13,45,160,462,6204,100,40,19,14,6,24,293,146,1257,75,838,407,3171,729,7360,42,378,0,3,80,650,22,227,233,19534,204,3525,442,12946,2818,47398,215,1815,274,2192,12,328,61,4683,226,16450,34,493,2,1,2,47,4,164,0,3,0,6,0,2
10462,2964,11483,2588,12618,1865,3140,457,4579,364,858,78,3560,545,26280,3735,1378,51,37515,1291,1955,260,1123,104,507,33,301,28,769,43,231,7,16906,766,252304,6526,484315,131932,96705,21295,230244,11835,5239,1317,17755497,1149756,35651820,1750178,1917417,73631,9387493,233693,1948919,93800,215629,19548,242655,18378,12415,14952,693910,93141,46257,9383,13335,6096,22158,23978,5031565,446005,4282,3215,7121,644,68043,16349,4754,1749,6548,2185,244601,26084,35620,2670,295269,24602,17638,1750,157748,16974,10961,252,214,53,2201,140,5059,357,15974,929,155,23,260,79,218,41,110,21,93,265,492,16,20,8,5,9,417,29,2950,191,1904,150,9081,658,15138,2074,884,79,23,1,2027,117,948,53,8227,1364,6478,466,14362,1822,68151,7916,4501,585,5553,604,1703,74,9796,232,39698,725,1493,64,6,1,41,6,70,28,8,2,1,0,3,9
1136,12883,903,10912,682,12024,173,2387,184,1832,34,669,345,2747,1729,9925,13,119,389,2202,21,191,14,233,18,333,12,235,32,586,9,75,1326,7575,2763,45233,53091,213838,41385,118613,8951,193516,507,13624,1413461,19373178,1750178,46246908,38542,2050632,200984,11913407,140628,2559829,20610,533182,16520,444648,3456,26174,78799,630899,13118,15760,2260,17509,4939,63911,237114,5407830,1624,3236,481,6044,4004,185546,401,17022,628,15150,12666,373727,1654,46348,17732,415756,1081,26074,14018,230919,449,4562,45,397,154,1406,155,14064,442,23475,34,130,64,613,35,215,40,56,268,693,1953,32,49,18,11,19,32,331,265,1457,124,1001,733,4917,1370,12428,71,554,1,6,152,873,70,338,430,16732,418,5051,872,16545,5335,56796,394,3183,554,3581,13,76,44,1151,258,4270,29,202,1,7,4,69,3,262,1,6,0,5,1,4
8019,915,15480,1495,12366,1084,3209,215,6120,225,5506,59,2237,128,16608,1803,1864,89,30250,1038,2584,302,2464,119,3094,23,2384,19,4922,22,1733,3,64534,112,56748,1734,114899,18621,622178,9888,3491184,7671,55806,743,13329540,115969,1917417,38542,80495768,79087,1250957,24402,3182058,12749,5357524,3710,8460919,6467,8500,3518,91385,13915,25183,1778,11949,1258,21587,3154,1735608,74606,2270,1093,12864,252,120030,2334,7609,1628,2055,290,180319,3285,161180,429,659886,3645,167566,463,1104656,3047,503850,97,192,24,2273,49,216343,90,831021,321,126,7,231,53,223,29,78,10,89,433,1885,348,15,20,8,7,576,6,2984,24,2610,32,9636,145,12099,391,1011,28,56,0,3170,37,1205,14,25506,178,7246,69,24495,225,83739,1040,3400,79,4139,89,1313,75,7619,200,24899,387,2402,223,6,0,52,2,84,7,7,1,1,0,7,7
504,7290,1128,8639,774,7641,117,2321,222,2783,39,3765,98,1822,1857,12906,12,892,836,14790,77,1534,48,1610,14,2250,13,1644,15,3715,5,419,271,11865,1310,167341,10406,164679,17506,620348,5100,3451148,298,109656,1292942,15739227,73631,2050632,79087,81028886,24823,955152,18060,1205456,3294,3806268,4007,8208418,1617,12562,11095,71443,2325,9788,661,15759,743,32019,48518,3078125,1212,1777,223,9829,1050,260153,412,10057,133,4995,1901,228129,240,137702,2584,563197,211,146819,2263,633688,164,123081,34,322,104,8001,103,412938,137,990535,27,107,45,509,27,268,32,50,221,6350,35991,875,36,24,21,14,2,362,46,1478,39,1437,181,5115,340,30726,22,832,1,8,28,1239,14,382,68,31840,64,8810,128,19605,860,60892,83,2941,113,2999,15,797,70,11543,181,38638,39,1440,0,4,2,47,1,165,0,9,0,9,5,3
28073,2156,13953,1804,32173,1101,5480,274,7218,161,1087,36,6074,356,10568,2880,203,12,2323,370,303,39,396,15,500,12,411,7,868,36,355,5,29128,491,11852,3245,142756,105754,148400,17203,127723,8284,7841,1074,5589158,197381,9387493,200984,1250957,24823,30123260,151779,13760975,81956,835157,15725,666113,13491,32557,9567,3771775,73368,324690,6581,18345,3797,70308,20613,1872078,348939,7553,1624,10699,353,125364,11139,8107,1239,10536,1502,455667,16769,67136,1611,617937,18643,29927,1180,303901,13987,22442,220,344,51,3817,133,2902,132,16908,381,277,21,470,140,384,51,156,27,129,403,167,7,21,27,11,13,742,32,5017,152,2943,81,14976,461,25754,1416,1617,58,43,0,3403,70,1452,23,15280,888,11600,326,25592,1216,117546,5193,7608,399,9375,374,75,7,312,63,1234,249,281,45,16,2,60,4,146,18,7,1,2,0,3,5
1864,50713,1448,31035,972,47206,208,8483,243,5617,35,1026,339,5913,3219,13539,12,167,431,1410,15,229,16,318,18,472,19,358,19,853,9,109,1208,13034,2440,8342,35415,126000,28922,151667,5579,99937,456,19934,221391,4524337,233693,11913407,24402,955152,151779,27932308,112626,12598380,16550,1589363,12773,1001281,3627,97813,66723,3436122,12083,115544,2096,35157,4392,1357434,181637,1883733,1837,5360,410,9120,3598,309553,392,27465,531,25768,10626,594601,1462,71791,15320,1007158,906,40288,12393,528814,442,7202,62,592,183,1935,183,3870,274,26463,47,192,90,1017,51,394,70,91,346,1018,756,30,91,47,46,33,18,477,250,2238,119,1700,712,8101,1344,21688,85,1023,0,10,140,1350,56,512,407,25514,323,7631,772,26207,4762,91892,372,5396,531,5845,5,14,34,130,186,540,22,265,1,7,5,140,9,418,1,8,0,6,6,14
